003400009600000050000290000800003060050010000049000007200000000080500002500700001
003400000000000004000097100002000060950800020000600800201009007000560000004000001
100000000600037200005000000000800065000010700040020809000000008709060300030000001
020000007000008000400290030900803000006010000007005800000000070008560000004000091
000000090080007200000000036010000005000600720340005000000300000007561000500900080
000000090680107000005009030010000000050600003300020700200340000800001000000000680
100406000000000204000009030002000000008010003006025009000007500090000002004080600
000006007080130000400090000010003000000000023006025009000000000007501002000800690
100000007000030004005200000000703000050600000040020009060040500987060000000000071
003400900009008200080000006002900000007000003000025010060000570000001000034700000
023400009000000000400270006010003005600010000000005900000040000890501000000900070
000000098070030000400200006002900000650000823000000007000007000980500040030000001
100006070000000200405080000002790000050000003000020908000348000900000042000000600
100450009006000200070000000000900460050700000000020000001000007090000302004802600
120050000006000200005007030800900000650800020000600700000000570908000000000000601
103050000000000000000280006010703400650800000000000019200000090900001300004000080
003006900000108000000007006010000400650000000000020809200000080079001300004800000
000406008800000250400007000010003060050000003007020010200340000000500000000002600
000006908000008000005200000002000005600004020040000000001300000007501040030800690
100050000700000200000000130000003005000904000000020709200300080070001040530070000
003006900000108000000200100000003460007004000000020009061000008800500002004070000