103000000000007250400006000010700000006000003000920008000040060908000000030090001,123459876689137254475286139812763495596814723347925618251348967968571342734692581
020400700000007250400008009000090005067010000040000008000006000900000300000002060,123459786698137254475268139812693475567814923349725618251346897986571342734982561
000000000000138000405000000010003060000004023046900000000000087009560000000070001,123456879697138254485297136912783465758614923346925718261349587879561342534872691
000400000697000000000200130010003000009000700040020009000000080000501340500070000,123456978697138254485297136712983465859614723346725819261349587978561342534872691
000050000000000204070006000910080060000004000000025700050349000080000002600000090,123458976896137254475296138912783465567914823348625719251349687789561342634872591
100000070080030200000009030010000005098004000000025000200300900000080000004000501,123458679986137254475269138612873495598614723347925816251346987769581342834792561
000000007000000054000260030000000000507004020049700000200300709600000000030080001,123458697986137254475269138812693475567814923349725816251346789698571342734982561
003000070080100000005000039010903000600000020040800000000040000067500000500602000,123459678986137254475286139712963485658714923349825716291348567867591342534672891
020000060000007004005000108010000000507004020009000000001300007080000040030002090,123458769698137254475296138812963475567814923349725816251349687986571342734682591
000400090070000200005000000600003070800000000300025900201040080000000302000890000,123456897976138254485279136612983475859714623347625918261347589798561342534892761
000050000000100000095200006010000480000004020009000000200040009008000300500702001,123456798786139254495287136612973485857614923349825617261348579978561342534792861
000450067008130000000000008000700005009010000340000000051000000000090002000602070,123458967678139254495276138812763495569814723347925816251347689786591342934682571
003400000007108004000000007000003060058700000000020010200000080000501000530090000,123457896967138254485269137712983465658714923349625718271346589896571342534892671
000400009000130000005000000002600005700000020340900800080009000060000340000002001,123458769698137254475296138812673495759814623346925817281349576967581342534762981
000050000000100250470090000000060070008004003300000010081300000690000000000002800,123456789869137254475298136912863475758914623346725918281349567697581342534672891
000000000706000200400060030600703000500900020000000010001000987000500000030002001,123459876796138254485267139612783495578914623349625718251346987867591342934872561
020400000000100000090000036000063070700000000340000010000000509600071000004092000,123456897867139254495287136912863475758914623346725918271348569689571342534692781
000000700000100200465000009002003005700000000049020000080000006000081300500000070,123459768897136254465278139612793485758614923349825617281347596976581342534962871
103000000700009200000067000000090405000810003040000700000300000960500000000002001,123458976786139254495267138612793485579814623348625719251346897967581342834972561
100000069700000000005200000000670480000010000040800000090040070008500000500000091,123457869769138254485269137912673485856914723347825916291346578678591342534782691
000050000000008204008009000910000070000000603040020000000340000007000002004600780,123456897769138254458279136912863475875914623346725918281347569697581342534692781
023406000000007050400200000000000400058900000000700610200300000000081000504000000,123456879896137254475298136712863495658914723349725618281349567967581342534672981
